378226550351311
377360009839492
373215349582943
349477932244254
372684123814247
345966822113797
344603562280392
370840501827936
378316729933352
379041301465636
343951304070113
370046469718022
343440066660881
374879720764880
349986065712465
347530659360661
348575881594289
342851219561795
348160187211712
370588465284939
349817019187530
379972147504214
345453787052286
376701104201644
341531338504766
343427005240172
348156287142047
348874392875760
372294184980836
345017212006777
348141852136137
375982858958321
346261750474778
340559002636474
343433759312357
371867418966100
371984709907485
348440591674238
341853059574202
370810819754197
374119096312638
345775337657598
372954377322746
379039610140239
346937851202289
348174422826218
345900574922675
372808440417257
379807913262573
344003444037104
348031120024621
371268066665534
348943731391936
376992479535142
378966708858408
341860700895522
344282207984252
341384428733139
370768510570066
376109267751860
340114924835943
378153378161583
370658112171274
371243854439475
378091727268099
371541721422297
374216526867304
340970155696738
341576937643630
343082144204470
374851470597950
376248064206080
340877723202040
340372121030847
349925898635147
345586529145536
370177816490989
345408538232371
372951128979402
349907966836443
345095985912108
341372318002517
370610750583930
345278891281780
349177332141916
376150208784511
376096270539657
373973884438745
344822473092882
377716256577871
375424102712139
378321006865640
379722894918178
348093930640509
373582473194070
343367509341334
340241389494583
379451465895355
349546209201278
379099665508599
343985172289884
349373168633866
375167881187136
345877644535325
375722197534452
372600139221748
373449212565236
372885978551673
342717127382535
345981169173189
372581007284994
346957492617109
370085351908929
375616275096436
346211353594621
370373285176536
347837308902821
347231817434544
377358942628006
344689842968211
373986452237679
345132032028628
341053330657484
345846649249513
349819307504962
345091638061849
349102401637891
377431402914487
348211732752765
347254205487130
375828638445081
374266226603681
378394645993644
340889578509114
349652680028907
349001623061114
376556008001494
345238402001614
376559896395689
373255049854143
345929793141148
347932301067498
372735482352037
372961956707908
347814954772865
344285772258036
349062543365563
371251614583011
346582531358612
376088839790657
345793436081172
376915507577612
378306666085514
347490967930715
372437235545773
347848084819089
377062094497992
340602245815701
376951850608472
346432675596579
347074377114076
342561942028323
341858956285968
349168914882746
375077943958111
340270530392412
372159488985866
344791180862996
376739357092872
374061422504035
374772318203090
347526824042960
343744852806701
343061757282825
372822738800439
345515133969932
371674545271713
371221449770778
342409255443301
344288137706715
379139321621921
376501064290946
376964308126963
377205509651675
349606292609736
345752142600667
374012514434532
345807485579199
372994520898143
375849093028402
377395171924011
346624559963434
379088227617915
340879034669131
348012166414108
347347174592375
379304305615691
346883603882558
343381849064134
372318657186249
371972323838749
341936979418103
344416239627956
377543857457513
344992473323577
348893595875880
347056319920447
374956592491287
370519167650739
347817798221825
379267405358480
371291732292053
373479605690408
349580970790706
371710758113513
345529678046295
372545345545523
374658895891805
346667118224467
372294673121967
340150988174654
340576635203563
379213797442003
374573895790784
347045838155247
347671236528600
373707317946498
378188846275482
340871478595286
374062077039848
341256247940477
373670098426025
378461406716306
373546260071585
374911112913666
346690628112584
373225160291623
344105116518715
341337596544027
342506993160491
376593662797877
373477824416795
378436638165233
344732441646034
349211358937798
344590236711581
348463170621172
340344220002589
373995671354728
346609823336921
371190250680543
348258192982879
349573713551139
345625216736403
378283658497553
373313365575964
341202981821945
344510985054348
375348883400681
345912388193856
342296482007581
349966569275037
375816610261402
346780131813727
340222490071890
379520542886866
371878832002489
371775625060908
376104591824772
371030780356430
376764860045498
373045703013601
349743446142262
375218693475985
374266932113124
343429791670521
347929313500086
349567377028442
344275396527064
372981204995550
349642863977426
372922909342417
370940432133907
341041568297149
347112626780469
342496334856306
372391012969807
377096285331073
349662991030260
378106663739885
344410437147891
341125153635704
349645453733778
376116055846232
378755403199881
348414244019372
342499084414474
376118037427057
342209500375666
377729451682628
378400954499808
347266431339976
345208655213232
379249763689193
347496990601892
377113792872752
370270605831339
370810763391533
349773257243719
378455747925899
372080368456218
371897456848175
343507317882645
346645547161658
378213730146423
372150007917571
377004033615144
372336258612454
348545160908427
347259839479270
344718592395174
375225599572393
341391409756831
346320463302880
346376434939101
371689836785841
376184164866459
349527541768448
342566052302327
376213116764973
377688982195338
346265711426694
377056306695484
349727494412461
376466321222704
373346023879519
376612373446846
372331589655157
343017918023631
343412279487121
379255718269320
344887979478455
370483320680572
342916183227960
371202987313940
371025951209806
372680820178068
349040937717433
344662714707918
373713627192518
348173925923688
346436103083050
375541459408647
349492717723992
378779465079641
341349939313416
348439322070989
372255743019788
348958270437486
379201694244754
375009530971983
372693919269995
373332693486694
373701439583446
375138814666074
341739936207522
377004140359891
371965589393813
343853153725534
372120459414971
349975805490532
371257258715702
376167116951230
345153557409761
343117097797946
346163776480344
342095055119264
347947060108267
375161808073834
379432950004901
376505070440569
370993553591973
379114886998113
370963652191835
372118745214684
344503704508330
377556444609891
349457631571496
340304997960476
340395414663057
340916226296511
371014038580553
370239442331001
374289933197714
348797509101996
370369235713162
372979842344587
375602629427303
344206290909389
349781555324552
344721414517041
373046586364608
344775399030875
343239703474502
370130426110190
379600488770611
379205261685513
373946287245172
342411044930226
340527072030779
349699889874292
348184375514745
340557962219208
345264056239110
343862221518508
372655143025121
348171195398169
340688467236155
377547812454069
345893095177004
375794330810651
341556387177339
372121431831654
378612275598841
378735851432182
340408425805581
379992811340976
372499290979560
349491575735080
374029340458907
345995107332921
372875323784376
345622555645931
342581259340319
342718900226774
346183430079514
378624981668149
375792083184431
342701322237306
348710469930593
375505641491951
342750808763434
373178753931834
378231012795113
346570192633688
340452943138562
347839874541181
347753429208842
346113756856989
377014066941226
341786755179688
372861542422006
370048246287776
376987974902474
342885896768190
373102755699900
345718193656494
374290234397011
349852146221779
374022880357258
341791726978382
344065288001397
374597251264597
376754478162348
349300970008193
343925008312757
341736531079371
373211073649768
341054796847858
345362583424799
343585894407309
343657847556886
378193369755878
376885543387096
346394553471780
346970721022686
341227760936226
371829453766035
379950916668030
342933033989640
371553778567502
340410975698184
375809186316940
342404450757209
377227523685778
370734502302611
376202955573074
377948847266942
344808618000229
379422812231354
344893670529273
377334472218013
346327818694085
340554029318958
372703338377400
344780983187156
376395221735970
349515434689789
341991802114718
372266769982072
341585280587328
370681906677546
374210938701326
379478333735760
342939157090800
374283891500456
345940570517863
345941337605025
370435638323964
374416873852533
373683081435218
376564431367532
343379809366465
375400407463586
347750779196924
343834666923154
348234067782421
349775949912015
375842846960187
375097174761364
372912556680821
378775885862418
378623736672653
374957217073559
349561679291766
377288187268913
347337542432750
370235404427662
377738517608600
375565506041804
344443539525508
372149064907210
372980322641955
341128595288777
349293638420506
341118646756955
341421831784679
379393147405619
379874304365795
346456651966415
349466342912014
372091793562496
343894935086845
340429917368425
376529026444038
341838289161219
347026296360636
372354134683391
343046318628152
370095628724181
375452280698515
348692865130624
377864525571687
377092981444534
370407069747805
376267407845347
344221137841638
347477745113151
345781432765393
348845273421361
340526027787657
379444528931481
371110732026719
345227591678712
346067511374417
377143978597105
348361481282066
370526729687729
371576753985555
378886845760475
370600973509531
374541892955130
341750804731394
349297678350770
375022620214651
347876945273543
344296900142539
370091077599893
344442837163970
372515535039157
376600632746429
349147008286832
377837445967797
349332686977551
341940238624741
345695146821229
344423342907044
376984464715839
343818567153516
370737060641569
375368116621689
376126820030251
373864716297096
342148286820968
376738895161322
342213798437238
349340969618040
373165905604518
379872115825189
377603669071348
347800838273055
372920985841963
374231166982354
348715795118151
374164690033826
378044740179462
375307718457860
374113016734518
374724423420390
378002841928351
342200699932391
374127922285779
341955817140588
371550868456240
347178253171322
371879757098114
372630916103496
376243379773569
379090164414751
348420250207637
343897347185063
371616336416049
340240365146001
371180569875819
348609233568723
342358613742328
346676878774249
349405626019740
344023889249899
379209623356557
342591799871103
372005455549252
376699515823222
348414111129965
379503783826650
374687164852461
378104514698277
342980555140755
347794304613011
375729142381517
345356528198088
347655537799069
377354428109405
349569128944331
344981786206140
370435519631758
371504386721437
374494635827788
378561681235938
372463441018280
378426624629706
349362335256628
340829812606243
370730851607618
342369626687053
377656611929773
343435621708001
341597417198143
372620312821890
346122471710728
376167566026236
344518047073784
372818229333765
378942634438797
375788342081764
376720047430896
348459521511633
347796775647758
349470334184905
375257625487775
343678235429601
377071662962204
371356846796933
378661086745042
375925936169981
347062342951698
374321804762043
347100909147522
341604479097708
372926236059735
347231113122421
348401746717017
370819868780284
347291671652052
348047319265825
348307683461909
376963000645304
372763895036369
379247997457155
347153048276298
347416010285252
375883001016886
340782711589640
342180631442883
372395170884575
375078713533571
370042534779966
379689327452010
348603796027292
347740949339587
375900870045984
373034982853069
375699445033216
340004397329799
341011211744045
346729375153134
372064707388027
370263649705940
372890210190843
348947519894086
378955429934143
347416685586422
344539155597661
347452429930063
340436270973287
375550716742243
372300798612358
341883498501359
347923807025577
376249209307569
373087966832624
344196455243833
376360305315347
375176641462689
379966904192569
370272256044683
345684219579567
379548708024824
370097271923623
373335388726423
376754076762614
344122880100240
373594103563558
340946052195149
374479510822103
341687121218178
348063510551640
347427657498744
349562291913316
341676832299809
375706847774154
371062892347577
346915189326053
374443077234748
345232306810345
372465048129675
373649291908138
341715654966309
379650323010525
344452122178245
375133891031375
376088052551588
343151585811240
343035048180683
341544824365071
376496926261088
379527442471871
376159652732165
345603023507804
341391191667451
347272845011334
341187770195876
345589624934028
379700019661592
376992809885860
344721750008555
371183073754652
343427750809619
345781713230307
372440112074347
344256142826117
373721389784596
349868420567877
345826540234921
377506977860049
346849450402600
374312325324371
378266539227984
344837593572753
342149369690955
348507003977753
378176107289680
349527666092715
378487505967235
376471910018166
346586740803730
344569362202755
378502114060154
379696048419715
370587504485895
371470726737626
375512309363746
349360612079481
372177789877608
345265717507647
347331769624520
376938174977162
348844911110312
376574941091720
347716132539639
342687094928398
342922224239022
340199498201663
375529141080361
377924144376627
348809333990385
373017406087802
375717090652484
379336441345643
346549990838004
378669625508268
340368525984001
371558598510541
370624427042931
341147891111715
377458421109575
370754112892363
344710411346868
373213215054303
376625522617026
345706405597713
377793400365362
379629667671084
348690565252482
341409556631860
374738500951341
371305108926118
341010079388358
379589868172219
371422847300495
377399737908096
343673872644489
376511111833739
341715792407547
342925127368970
370918804219702
342458851066354
373308451102442
347597563790507
371481089752557
341543566473895
347014326709659
377296190896950
349782454168587
345466388420371
379133021318318
345657088133757
349248134190383
341153902503817
348155786466006
341707814662977
370501291380557
340851624687518
340116947445204
372905498407659
373708639236659
377616920389465
343774998667907
344700339756199
343436406552887
347841524154399
342303472393102
346385916724048
371535172893337
340320179735221
378491795772495
378559435936918
372148832956319
349690091286896
347469384514161
342662062410216
341918373948414
373933079239514
348885435431031
371341543513724
372726014949770
376058904780339
370609053725636
372595127409703
378958109601818
341519791210369
349143513859072
370548877523399
347773744668694
373013496946965
345698108581732
371693034793011
379236220685732
349597690318048
344277552729286
373443182331505
341538844574142
376225790991946
340350111498711
378046443598898
347745555551979
346161262243663
374603407504876
379751228656097
347816378407846
373121710806616
379718338728298
341222958575100
343578669656309
342986369536898
376032724886493
378005686619530
348937929280349
346999629834405
370029267362961
379620641051113
376641848188121
372341744758713
371515157414846
345389826583545
370061430032072
344836513772451
370713149494981
340954593082701
343458305732097
349192541458373
349612688410127
345066500567149
377488358931600
375729192414366
340734958124573
375999959264383
375882013178387
377231246899500
345415467641142
373982841864075
373351896007636
372389677292788
345151566376740
341992114520261
349695170522731
344610518162970
348503298822788
343627931042291
371677173786225
341093648369927
347641606777038
349353900044309
376687787866540
349458113898407
341037296838329
376027475881693
343389684793543
370628987061686
340057174031913
346631072554996
342061909554312
374003612561359
374243830878942
349599242886969
349897289957705
348223151358248
374961579615072
346673123449958
341373078795761
373578411712213
376312950595871
346929843640544
348486722274794
376105151718411
347125576439662
370719972930124
379670931275807
344139949470190
345736316756975
342109554501821
348976455180101
370295265943405
374019845523974
340554956200724
377266199032154
342276886155343
346839659187904
375194737817443
342912295836400
373690247087288
379851429283640
341226437350407
342155025741280
372770271447722
371126659417913
346133874338330
349983122710400
370976462446124
377499065377151
379307660317860
349837439250866
346126972194803
372982551201212
344616581871769
341050209315806
377672282669176
373351809179506
343714059851289
374882148913014

