6011234835843409
6011259396688786
6011573114040835
6011887379358959
6011590132781356
6011463355030762
6011559530318491
6011968005899432
6011967009944814
6011434907029073
6011594897114472
6011753517094296
6011631060069602
6011253489231745
6011795557955662
6011752702497124
6011338410334450
6011255814913673
6011083176432722
6011126616591530
6011778464905079
6011393921801992
6011254187864530
6011509423498876
6011956288217273
6011843381740668
6011636838106263
6011764093423940
6011849388814927
6011638919069667
6011285859537467
6011083521466862
6011268095317167
6011944818524061
6011944872413946
6011762055789613
6011117039020793
6011861208635184
6011380637462417
6011540814760848
6011570519961797
6011874118273145
6011280161271186
6011660412926102
6011783780189317
6011638629305740
6011501594704877
6011756445678122
6011399281531087
6011700375204731
6011845162026563
6011960439634154
6011549928733252
6011588115872846
6011534052429844
6011259594966463
6011750737807911
6011052861515760
6011932489317378
6011200834141848
6011635728666881
6011883063901261
6011640809813295
6011544920345841
6011057155938875
6011657882342919
6011796203134678
6011325520053393
6011071735534823
6011232874968301
6011194479321171
6011743433915880
6011628230321814
6011221537726297
6011674620762423
6011182193561875
6011287345758764
6011622543050426
6011588463407666
6011946102981667
6011364868410931
6011272571006427
6011690676890421
6011420849186873
6011689458470410
6011072092871162
6011434381313993
6011027624681513
6011625747820544
6011691720177799
6011740293158247
6011987967171721
6011162782423844
6011150693033711
6011471673607542
6011053602870852
6011941076600294
6011744085590104
6011311733686781
6011266120424396
6011190722700161
6011917822775846
6011370148629000
6011075631111651
6011648896703246
6011918877389335
6011864189943783
6011274706524795
6011249566724503
6011256232955379
6011954143999821
6011224869454470
6011912802889881
6011984941442930
6011513153119066
6011947444604371
6011356772315925
6011732693747489
6011873385655265
6011164315664811
6011426357870931
6011660054272328
6011473853963158
6011319028380762
6011272938143889
6011802864453710
6011669851944922
6011655677753902
6011281163418056
6011065527417841
6011872046189631
6011972838173106
6011217676307295
6011850002215848
6011364160355917
6011493640489267
6011678557025621
6011248843080309
6011070104488231
6011687508448428
6011825336541028
6011832402082036
6011523117600184
6011764222748985
6011508473299267
6011536713959150
6011078559624317
6011464800044713
6011814536691619
6011117598517197
6011325080119717
6011322471855389
6011525789984184
6011031683531965
6011275307401630
6011176767025945
6011430585143046
6011293398293881
6011069191518462
6011711313858413
6011052422792775
6011208615173278
6011460441457322
6011206146275026
6011357385055973
6011223823186715
6011981902915706
6011055975992163
6011489233469971
6011896956380633
6011166948220689
6011257958454738
6011826214798086
6011631237035452
6011942114540716
6011972224268320
6011640870865414
6011636940991735
6011578572186129
6011238012392510
6011021880796792
6011920897553817
6011923491309594
6011898058578460
6011478928030826
6011081772274381
6011256800675508
6011324777617901
6011983994308667
6011596644050685
6011012707486238
6011269435404293
6011043628719209
6011415063693877
6011820312540235
6011319329038689
6011288588314216
6011009996939216
6011315623298912
6011632338632122
6011937209455507
6011804484994107
6011502920452488
6011709452086267
6011076197591377
6011402232000341
6011187258458305
6011992337264438
6011210983700492
6011848033177516
6011843429358176
6011453936362263
6011074285170055
6011485511784495
6011897413090559
6011280337342598
6011221829645213
6011670251578617
6011242282097957
6011423740010945
6011146794416169
6011492538430979
6011863368167065
6011929129985135
6011239139396640
6011403406755215
6011009347306792
6011410563060776
6011065929996970
6011851532898137
6011740356773924
6011786147036014
6011256080803234
6011888681974418
6011932657167407
6011565645159217
6011701412309384
6011749031569516
6011717766749165
6011219507784015
6011113881763259
6011753535062291
6011706342527757
6011945256328071
6011806519200376
6011324204506149
6011821451824356
6011762218715687
6011588924444837
6011059739306611
6011842139096316
6011811108054606
6011263854658471
6011386281932530
6011078311504484
6011994243734140
6011125486111882
6011984875811779
6011011411431621
6011182836812313
6011547802590012
6011248661183235
6011495679692091
6011067831491876
6011680557068965
6011195986864132
6011794867598981
6011710930624893
6011981797155277
6011456759774803
6011956641098071
6011749312810191
6011006491270527
6011610308605567
6011221218085500
6011469119429620
6011106826883521
6011461549786299
6011679832796952
6011503664038251
6011916558075256
6011918464883997
6011317305851356
6011454926854012
6011006952641091
6011244793014620
6011246012691369
6011139555676980
6011287915369711
6011329935003985
6011246717352234
6011025934643157
6011784979024133
6011680225542995
6011398414321457
6011130167273043
6011772302631864
6011229228893193
6011379653742447
6011478072338322
6011793475484196
6011832872629977
6011661636877816
6011603232799432
6011714100634369
6011427843188706
6011129320039192
6011806119769747
6011583642027956
6011737366950815
6011449495708672
6011361035766807
6011565950308987
6011574874359944
6011356045444247
6011237682178514
6011377572855597
6011413406274448
6011599333390578
6011044091285017
6011435861616235
6011682375645792
6011348394181371
6011742928489864
6011572997684305
6011891373427604
6011747846834042
6011171193696260
6011907415386184
6011612508947435
6011610422957993
6011238032878753
6011955978625993
6011658394010671
6011236761779325
6011308974403454
6011992851202855
6011235621080163
6011839692257897
6011811185380486
6011350908696860
6011658076311900
6011317490554914
6011700283993318
6011120809005275
6011403144196466
6011589286757626
6011168600648439
6011397050126378
6011989466310693
6011026393349492
6011487178989896
6011404709695298
6011352777353995
6011258691513541
6011123205572047
6011426001220061
6011034790396553
6011497337160784
6011234024355827
6011152850407118
6011071336001032
6011582838273556
6011010669386016
6011823810580729
6011267143101383
6011420552434114
6011159378213043
6011113371712501
6011643861225028
6011239628936765
6011550399839479
6011843595657658
6011154175733129
6011262790348122
6011310679895018
6011491820833239
6011094419786816
6011883642490661
6011823250610077
6011772413631910
6011637733199304
6011754917654069
6011883121406246
6011570216502035
6011480755688478
6011908800430165
6011674417424898
6011518303382183
6011584828491560
6011549970649257
6011057846839797
6011929344069426
6011661744605588
6011929420202594
6011384486723614
6011004001109749
6011565046435224
6011933784492338
6011417095511911
6011072000857832
6011028403585859
6011853921306334
6011009895229974
6011294159011587
6011059567033956
6011140651858217
6011135369800402
6011935084565416
6011055769621614
6011882719830619
6011249623771794
6011080567688623
6011635112356768
6011660289493129
6011625522832268
6011842176997111
6011840138063170
6011474870733038
6011048583164317
6011096517028702
6011235087571036
6011378699052639
6011054653991779
6011924730307134
6011191240030735
6011029664343640
6011442176970653
6011625812762787
6011427752151828
6011277046986400
6011870991504804
6011626698432974
6011773012820425
6011204801533383
6011560628257104
6011884453023617
6011505307408171
6011461634584898
6011642855008846
6011281373440312
6011243045526274
6011892310249945
6011801989171132
6011942535425604
6011541120461881
6011674377815952
6011665028561847
6011174398508660
6011503530062964
6011069052340444
6011984736955153
6011568056783053
6011921067252800
6011264417417397
6011210646394741
6011277184108262
6011348055863002
6011860950213265
6011337558007357
6011028980776806
6011027130349282
6011877844444443
6011730021597790
6011055108302041
6011180866144805
6011155424425912
6011750598695793
6011594174792073
6011866406976744
6011472476707315
6011563108340432
6011594333667224
6011019275151763
6011867812965875
6011122796053391
6011387033298147
6011040988025417
6011433546350403
6011891668616820
6011280876092331
6011944061282631
6011130953619862
6011084449250776
6011058370212922
6011431588113655
6011464065649941
6011914847307853
6011231196061746
6011844811982953
6011932088039910
6011061440221386
6011406323992613
6011628123578835
6011682770766177
6011630327280655
6011117721668123
6011795990194960
6011578298042002
6011829106597715
6011638964541248
6011737251155090
6011746318134139
6011265743890934
6011676626043393
6011707840220598
6011909098491984
6011605640469060
6011083198066367
6011775882389787
6011502139103468
6011644771611992
6011858086188302
6011446423280204
6011121892784230
6011614654055062
6011813602280836
6011537622669989
6011238097581094
6011274097210459
6011632129893644
6011353774257494
6011339796624365
6011493838803139
6011489048846025
6011504228589128
6011458659479483
6011430251797703
6011250972738673
6011096094221100
6011071264422812
6011674123249589
6011599404001013
6011040949187835
6011914615586712
6011688574181554
6011494932446452
6011317203201613
6011890619257858
6011035687247585
6011882625031054
6011050871772223
6011116762131918
6011297541326092
6011432432799376
6011089563200259
6011639703207760
6011629989642368
6011047373771950
6011729597927175
6011391440285085
6011919859766284
6011928600614818
6011916772285368
6011530753018332
6011085980165430
6011680333388034
6011596389148173
6011267130596355
6011657238159892
6011397405703251
6011835874370268
6011054210376704
6011826576497434
6011231972344985
6011992073709034
6011390501473358
6011085242621881
6011870506225457
6011544767058713
6011038889974675
6011930080387881
6011013742667907
6011853800936359
6011658753376689
6011816209699852
6011482606430357
6011739990092592
6011737458015535
6011315467036857
6011380328861752
6011387659947480
6011287808069881
6011195836287583
6011572800811228
6011759672890063
6011439887792194
6011330941283595
6011631017128881
6011359595823398
6011804923483522
6011465172024407
6011615686299826
6011435237889110
6011298335607127
6011126295403932
6011887895576571
6011213279541836
6011710551846403
6011466816210568
6011174853074505
6011108064979904
6011100841157946
6011568775242613
6011516002501285
6011302683575181
6011335136435132
6011691850773052
6011038436917425
6011705436418824
6011727581388057
6011852538664655
6011560901605748
6011767715939086
6011536694545259
6011626881347641
6011725357493291
6011032407321071
6011932113058588
6011819882717603
6011258179431992
6011413186328224
6011938939480757
6011158507969228
6011188130674531
6011205746898344
6011732334127570
6011384958496418
6011070030570409
6011946554223808
6011909067271771
6011534519547949
6011487755573717
6011120003555265
6011747478102452
6011316441234709
6011724912875167
6011721199266904
6011338345925554
6011622876816971
6011399901597989
6011299103914299
6011182629540071
6011342108897034
6011225842452622
6011498630166247
6011233949134606
6011003188320756
6011950965879976
6011330837883649
6011725766658153
6011135906030646
6011121504026756
6011734546450741
6011008922008526
6011522574581457
6011765856283157
6011918369264764
6011892638993935
6011538351390177
6011909789540164
6011892409236795
6011840907274461
6011082579466584
6011543578859517
6011040439479478
6011433587388635
6011220357669330
6011891476760273
6011713835346844
6011595247893152
6011163680745858
6011114731514926
6011258218521258
6011314906562284
6011758795019451
6011067870804559
6011197589892049
6011073114291991
6011255650391976
6011884646808858
6011611969619467
6011741008239355
6011706959045036
6011687562380046
6011587911273837
6011560957371799
6011019883764130
6011801813135220
6011810810283735
6011075891095610
6011570609471616
6011157113897609
6011701628306323
6011793511614335
6011912859923245
6011672754467124
6011565077359020
6011150913148224
6011127189609139
6011857868548600
6011484846932804
6011231087037904
6011532797582752
6011920067797640
6011003923715104
6011501097047568
6011766642850119
6011091611697460
6011399843420852
6011035672697570
6011014932374148
6011429244913120
6011716457546252
6011769763026337
6011694473100414
6011858725119312
6011732459173474
6011954341485672
6011400595800059
6011034590243278
6011418506023793
6011881567233538
6011790280649237
6011429351190678
6011819544947960
6011367558133580
6011134667383906
6011092951128991
6011750916316270
6011154509615463
6011019673068619
6011238238521017
6011444731762773
6011295044831766
6011305963900797
6011163857999460
6011422969854066
6011837950647668
6011815257957303
6011447469024118
6011591098486139
6011117296829969
6011728506222868
6011240424423255
6011255201825134
6011341699785715
6011370327230711
6011607078183908
6011161796179962
6011985692607563
6011618509575588
6011968935151680
6011521582596051
6011245819192969
6011771232557983
6011146050776983
6011246653056534
6011369384619451
6011910420286290
6011549961688546
6011704267737451
6011357444717084
6011777466268122
6011456884440668
6011794494802541
6011409491943137
6011664423523270
6011895942203024
6011893688818337
6011140818470518
6011921810332289
6011745716680024
6011649543211286
6011447781607152
6011495294555632
6011054516386381
6011554988625026
6011182969142546
6011364478673308
6011417029408648
6011951261467961
6011899233091338
6011547960477333
6011349009152724
6011687901644268
6011058237035839
6011526657666390
6011273716738999
6011753609278856
6011562061626365
6011451917384082
6011654708138522
6011533163990173
6011865490394319
6011057307959266
6011194457349848
6011605553506585
6011894601783855
6011033332336820
6011824956977331
6011268984769692
6011135706374418
6011375336689351
6011339736396140
6011170969635130
6011122451850651
6011357596501740
6011775554742420
6011756096800942
6011715525385040
6011765273829681
6011170479626710
6011857063152901
6011716546561882
6011030325512938
6011149295938855
6011494842348426
6011049013497020
6011458179980721
6011304850270919
6011357852930930
6011590276121187
6011528578312252
6011853914276619
6011394720598169
6011436843433426
6011236312783214
6011118101617862
6011815690715672
6011497419300332
6011271317394048
6011257132887720
6011043136911264
6011002265337063
6011821158150006
6011890114089798
6011881061560865
6011632741568434
6011527887499644
6011840753092736
6011836356264490
6011742472482760
6011167362379142
6011089896651806
6011906355920093
6011320475777419
6011303420012835
6011990335683666
6011526904058250
6011901594123484
6011709784442758
6011064456114495
6011415559431758
6011437943532307
6011242612401986
6011025909137151
6011602100680021
6011420470303771
6011292007488874
6011469244022571
6011803269852811
6011488492455887
6011091366466533
6011458776433645
6011099086231947
6011384439097967
6011070291124243
6011561029872178
6011810604504692
6011103975141041
6011426992163635
6011347126104339
6011225063576752
6011670307135420
6011124849406964
6011239085842019
6011610918952946
6011973193550672
6011983148888291
6011060872022866
6011252432988377
6011941136250346
6011468956425071
6011313928342774
6011697630593801
6011483917114458
6011483390173013
6011766305993032
6011536243236632
6011468453458708
6011648051875748
6011520223739823
6011429668027217
6011086242488479
6011003383632583
6011454983029409
6011224074872094
6011106630724986
6011741381577215
6011040545355794
6011727918720782
6011546754128953
6011253025002907
6011204034800989
6011411761786394
6011438104706086
6011848438797975
6011811765128719
6011708028950709
6011507010845848
6011508108748415
6011924681674649
6011861742788549
6011674127271001
6011061577315530
6011201322810258
6011016046860201
6011972193729609
6011502337462658
6011443056207984
6011090151248718
6011726232790067
6011746356602179
6011982093927138
6011314452230716
6011298829588320
6011940640119112
6011536051716675
6011123269789305
6011976769754073
6011311579215653
6011419790317404
6011659156154558
6011309403328031
6011061487093805
6011336690347432
6011930578286082
6011635116942126
6011125923492416
6011140739086237
6011592878084037
6011302826209425
6011652602428593
6011710753039864
6011712249222187
6011386879818448
6011941147300890
6011651417833955
6011872817368174
6011780912311827
6011155376708802
6011186570853144
6011858054271585
6011390803682748
6011749714334956
6011489030283799
6011479456139799
6011913542002504
6011543598270406
6011790009582016
6011774591517036
6011226139568518
6011350198402037
6011161125347223
6011221524538499
6011829954182396
6011912607869609
6011881249249308
6011315776532653
6011242609239829
6011581545544887
6011866641093404
6011278232590378
6011529193687987
6011039640237600
6011485805274823
6011149208142918
6011672443644091
6011834995525348
6011047838420805
6011135289198564
6011932791968926
6011999943577814
6011515297361249
6011800324312831
6011481237638313
6011163911095214
6011280470841307
6011316355376470
6011958562053945
6011265649149476
6011662118269654
6011841702966707
6011830725480267
6011602751620789
6011088191714186
6011018812950539
6011516239755852
6011318207993643

