5336343333814190
5294156758012565
5567439706613647
5205286240864584
5467678757222946
5596345388955898
5235634681798205
5119262201013193
5553664237191211
5391777922083612
5215759829095125
5527012422985018
5329506029893053
5462477661301366
5314334981356788
5428828040872704
5518139403350879
5554402105143801
5297005637655275
5131569670136212
5535383059431737
5518774547899520
5250149058183436
5329637831661261
5259845982812781
5498377428762736
5266789191430418
5316876427341186
5193889241103276
5551302618827689
5266906434233892
5376891103730161
5522206899440763
5353414591039669
5377286176976529
5134540491993849
5110870018857302
5467286076960590
5597132435740146
5135149903098038
5134881191981183
5289561209199282
5149737562402386
5109319532624239
5218636154325870
5208975955033693
5488343151303884
5298460342111842
5417986083067708
5567397133168611
5273720161993094
5340020667113068
5263460272825388
5313005085890853
5515662299240931
5311606363658938
5529017783418929
5233236513612786
5507626240372945
5596124629990802
5112010762617598
5254829923893816
5499029916736172
5253924883255287
5491049073084586
5527900356580716
5581643004258722
5474490293169826
5406600057270700
5522721995039343
5256837607607756
5576426996328530
5597780051682149
5214530094920417
5159028435137988
5239283682320530
5590457171339580
5358670598518840
5104570688063821
5400312263529673
5546192230248713
5338298590990943
5485837584127862
5164474274195658
5158464212102005
5208540663809824
5247274072535712
5525323364560251
5129769143827124
5270247369719645
5305107705321473
5303688911783798
5387855042481084
5566193639988615
5217001074677549
5553864211562532
5318322329482479
5198725451195765
5591428337346891
5265995355351941
5223622666192423
5537745244326378
5447348708115301
5375373884089902
5442935858215033
5530703223573210
5530977460526863
5448505243113690
5591373211201830
5328439833384351
5214893471515360
5568764454835624
5193754945742482
5529861164853281
5354355202686738
5151860675816311
5467528494962496
5109176296303305
5347881679741003
5155623032681596
5359713865320448
5278286638139583
5422343702523922
5155312820301761
5295719058680198
5385725095277493
5468706270175827
5427576039231637
5565221490563739
5281047846879724
5260976375313736
5457186987960238
5363968972506859
5505114976448645
5535979401965643
5249541653836166
5366055150358233
5210150868205764
5135206017673195
5523063741555176
5460192812456843
5347375212111808
5535066500107002
5407828854530450
5415244258168394
5542743892853689
5151585926761327
5284746619549714
5327777780109268
5295681494481112
5428955635697137
5105579280569498
5439643716133092
5402617642232684
5182011252397910
5495338115966082
5445472576333424
5218259584827835
5516321667574798
5223779586139072
5179865830554374
5426465785788035
5168115763292615
5107905401854618
5506605843692603
5284335923498055
5426397221288660
5140137758237341
5153710417300470
5364974562021902
5318816429305936
5426632636760956
5375716485996885
5456825831506140
5543261436153028
5125370141583571
5544832649805023
5107459897829882
5567948623735697
5229271159039800
5241690351140450
5118332239944742
5121311281890040
5498655484022099
5385896939279696
5350270055640936
5573851025515851
5142545384584670
5208076385718928
5224168851704076
5189849594681209
5412072484250188
5234917858559273
5175146499436391
5219087324953127
5129347666723911
5458016066158769
5108289085250990
5534436023080054
5322202985229519
5524229982549868
5134220102064492
5374430577921113
5116525508870207
5249608158155564
5148296618318469
5156052436887626
5217991562696979
5220185200758516
5351426437410658
5331753435164234
5295900692000304
5424271000580625
5233812988720773
5390547403066498
5579426653403847
5586331566041778
5579586851267649
5433300907589998
5113005978245092
5265389077051734
5227940094672865
5219407247260311
5546550874552932
5504272571890693
5380471237882651
5567363545689982
5137462606474689
5419795262894768
5377509497184667
5533557785864228
5427598997352411
5522671402464784
5534827583090626
5391560849431621
5264398269485403
5451754914931378
5181943875945736
5557017651037384
5518936065732660
5462586545631077
5256247519986357
5121118364758485
5550680040641674
5366367517860359
5265378635882870
5246526802582947
5428551139936012
5145678436938516
5341686815184356
5538887484221635
5121793940213427
5342198950307023
5549695904167958
5247625917937969
5309662222492294
5231221825713367
5148078001718053
5364000613669380
5438974241458659
5177326721204134
5204009227939281
5259702346314725
5574630278907059
5236331100197783
5352405358571945
5322196860173380
5122660103887983
5551446462689636
5213353695689005
5309477733345273
5310548709869384
5447181845750270
5450031763285714
5385808585445026
5223483781076482
5331019796006673
5146242777021512
5315983561037124
5564169975978065
5580691428724374
5578150018647671
5307486370789679
5453191552510842
5428815623078122
5497993931712835
5329619931471619
5326352941536261
5457606880256020
5326922619451850
5560282455713664
5468677886778793
5406863425670387
5564962413430255
5450344489173191
5322965762156358
5134722060421747
5544997697678695
5156865039066789
5401445908941652
5492886631783061
5159570235949765
5131298283367127
5324490125428343
5248034845416510
5196788829677122
5350477957931285
5589822915335447
5195604459765601
5460247606586732
5594812941465311
5264930271388488
5359851641259892
5184312849499211
5472837611034557
5157300456756059
5448559285096172
5387539555838373
5579120219830367
5229451731090758
5598674675590805
5467045127716819
5515213023181387
5588966802417940
5345110746727197
5161599412419074
5190272761924160
5459878352920841
5372370844361325
5375509302863788
5423666741632554
5220933851364344
5144113090616498
5588370351775438
5297274539853665
5534315163373943
5127146454397694
5336466162599424
5213776781954356
5462912791502277
5222438412801063
5326963997199562
5351420488549902
5230453906100823
5527878285795946
5591335311703700
5293036563198687
5494083868790567
5288718871490248
5403419114904109
5340124350521064
5220310163806363
5511704937461950
5244453730878671
5104160317309264
5486311848227446
5570081938879490
5215913311086999
5137471193362025
5204055608105869
5207669826096101
5284283944187457
5513749090428104
5287789519963103
5122018437882545
5251102978846623
5472952242544443
5338759462749899
5593259720797392
5260001611361975
5257330662512292
5403343560326551
5133878346330796
5549745253470055
5357880891688080
5594928565298091
5286324913056816
5369726930740216
5439204003010954
5534999144392740
5489683479939169
5267713811276711
5289990065396379
5488974108440906
5437775331667922
5362562131923047
5563479948777648
5245200775061039
5230020567030670
5213009781752590
5528143817284235
5164031978216782
5399733526985951
5506837934612253
5403550907452912
5228618326613266
5583641126911218
5559403337320279
5415309431048001
5370863572095877
5444337945820644
5409975781901292
5164041895585326
5432991715433790
5520845014561813
5491323546713695
5439097942256351
5130218687309419
5439621802624091
5458311416210406
5515368133648012
5101649100329979
5353027522302657
5116495106068515
5270941176212253
5253555583177213
5275855766466639
5413536518335040
5588779115630236
5431673526939899
5141352015949005
5576293401765643
5542445572878941
5278847799450372
5131687866888451
5289356245293623
5427014152614686
5387609542685250
5598886147188881
5389335442801759
5258324850330939
5543124080224224
5574820715569311
5137031580179471
5558057312313963
5543046656787856
5242688018205848
5179211138003766
5331229138102342
5330207990631534
5552445875951772
5239738764213580
5518883265453954
5453420675735527
5526403449183490
5309964728495395
5312067526493326
5591054374239102
5352291608172126
5108014051538636
5594827418252760
5552507904377731
5332488214364254
5509713334376863
5154764459807594
5186659704433398
5200247695411151
5379030271163668
5540551924441957
5541744059771822
5282313968486535
5166845546359784
5415641447246694
5239649587125804
5320275364088435
5579557834772450
5149311041898117
5179528801889431
5237129376488947
5599203174696910
5596167392141343
5501976783413325
5427339640772899
5502697005649939
5420785447208684
5227211072988305
5170112710189826
5391972334822497
5554262663517220
5276890710907593
5399040130216959
5295662791995020
5166349446600413
5120199917044798
5404971097255221
5391643627783676
5557605228196558
5203323932877665
5445317631182524
5377352771758215
5207415671472199
5472953566920011
5128613999483122
5367673471927178
5354168975719598
5471235593643464
5461774836534207
5174542107433807
5296140681928228
5172115456541066
5534205123309667
5256485683195724
5224076777690750
5263925724875785
5539520642216192
5174593743085824
5467907556804798
5437536691892140
5408421893578547
5415467214514936
5451315511622792
5241258497478075
5111864395233426
5257559415744782
5383638259398223
5508693666651219
5347973348090332
5347416413043844
5331738139789345
5415761655618945
5456672544685757
5130505300909983
5408257856431963
5446996541040911
5291806348668440
5285120058772394
5292628388017133
5113111907409740
5225449075910296
5337181546413114
5594297897485796
5565215096088406
5557789709377661
5416673632574092
5154178107388628
5360832339228578
5105932605069555
5265611388511282
5512771000109286
5300122305701631
5438239626474154
5558436668357131
5250150878484905
5340786704194002
5248516349750576
5517665359509697
5349662173964301
5145551226067418
5424904172717134
5384671170971439
5521216275988435
5120136891534022
5186531891519224
5550812921868072
5106570240260319
5422015170693177
5412012718528074
5237473804305384
5598420632673684
5468495672658172
5533106136597499
5535733199453225
5455083064811420
5412441085325733
5174006508483084
5183295836966469
5107526529907656
5459319362779778
5333968141712112
5119868678680510
5156510623714432
5408474797871088
5251019839070625
5304038097880142
5317970519706106
5124008137501089
5249172044323985
5242256476917393
5326823971955548
5177628251429985
5372416912501670
5410457855104332
5395074712395760
5477675762860734
5202317506570822
5487135648791171
5598211086064847
5589849957004276
5437351217179844
5411228971425565
5325751823929877
5587454019586386
5180119822328521
5428280658428462
5201777873913627
5472614179703141
5476836539557380
5461129016820860
5147579522407705
5516963178565482
5338928470148176
5598325900584499
5281493053345894
5156633902918316
5101046369189956
5253815652597059
5444613525986777
5156374019202845
5374902992247944
5241202050818228
5393715566727092
5231222923701544
5420954473193091
5120689892702006
5222455617275018
5101290689995698
5560096167892099
5484656665732049
5418961266988268
5316229053117928
5414512520767552
5381354695414317
5479730675565272
5502917161739955
5462086417548103
5238962302821594
5344685797521228
5169469429240545
5378122170424522
5199004818528566
5108902036242961
5551600166683259
5519713046615077
5438684712264755
5578609739001781
5215805061517829
5515666738385710
5101249823604939
5483520856174034
5244379406333024
5456990507982080
5486099152798033
5454056311479390
5389009822895521
5512719882252062
5410119082529141
5191214292193476
5574741193350216
5555354022448129
5542736665692417
5348001963423023
5257948302511620
5217005497390739
5566515179188794
5468901039534162
5309660307080059
5356167652670312
5237856738018315
5123855815070147
5120011475285053
5450454471984875
5159219111842427
5567127415347348
5155800799664391
5428819064142561
5143529609106872
5330704357879524
5141373245130745
5310439061591966
5386338247836643
5120312797902544
5163108947649821
5126204531672257
5354901240774844
5274237922006966
5422585975016162
5486504507471194
5203715775799262
5492903080549495
5349322322322790
5443262323673632
5218511451076551
5189191187520811
5151912857637377
5349021950669726
5357161714893441
5476780370586340
5415763068196907
5585469586762964
5192053800789139
5201482562527107
5381508360982920
5494008866952943
5438334536297736
5396757553839537
5478662850065037
5564692126752196
5500894191393289
5546424048305173
5290064018967293
5236457716993255
5462332467173651
5146589791626068
5282546765461785
5247450432361110
5461281943120599
5117838740919248
5117796692149307
5101764105248817
5586518946640812
5165689623699188
5446266390770160
5459572301306802
5430864312563230
5255636449536459
5107418216327457
5440060880532842
5406879468144593
5219903597644252
5169818363792624
5484320177769524
5200015593504637
5466710392326328
5153691182095588
5301281997986923
5157704354265206
5433839583756728
5436572804093145
5372751291383732
5277394904260694
5565789028672628
5407252705211048
5359168453196728
5121067702716186
5579579202986025
5320167610488669
5462120271883569
5507978622114167
5392058014771177
5457348946581626
5429088906351967
5543266990181711
5381768660911462
5488255963631122
5448305686416332
5470918151720029
5434655667316737
5411943313633664
5469974633086151
5292882111938012
5173962159121673
5521139852143754
5330206652709539
5477851888342903
5388103987896985
5352461734752428
5528299159985191
5376677509808622
5376535545993529
5514957458917126
5581256072297298
5561763670833121
5558215140395772
5586032327506378
5320619627813768
5298827405369956
5423792922403530
5260690842239180
5408516827619794
5391476982369181
5293153539862047
5174777313201636
5463795483544775
5488011330267896
5300184649364245
5317673936488767
5557291745156910
5116075721918318
5510647418862637
5213713199484130
5433355294004241
5484563738492421
5329719626485849
5395431585867889
5152703196740678
5146523208633136
5119940633630417
5472037664250875
5428531481505029
5464254705638618
5473796573168861
5425507768116543
5388771296534016
5241725096396783
5272147443252514
5359485411958522
5412952110764571
5129922473332831
5139854062321412
5166938218397412
5201425486615268
5127321993696365
5246473801504566
5395877726378089
5180802179328257
5446134911967659
5530080811632876
5489010064342049
5308716198526955
5203828272002625
5443952394405233
5403575355963870
5241154161996767
5359855472570202
5289391205794393
5276034968280664
5426034305041885
5183452735052129
5129469423671884
5140303676796533
5523638983092606
5167566710021625
5309356570474232
5541463835412243
5535178828585197
5110841426311018
5550030274712413
5278063356891087
5197410781997757
5335312196310811
5443924730998478
5247904625887703
5101374292369283
5531289717450510
5190552181907097
5144204727573036
5528093791810481
5456208331797776
5337605976637115
5223290084434643
5114197819747938
5196446172522680
5381998168766304
5239285412639121
5251394448831463
5502586606154342
5464188422027871
5597134232418785
5293971609459836
5433690377774769
5315744752721839
5591346998835640
5150415457894001
5222584815441039
5256763167485542
5226564808842787
5261344713172778
5281729361782546
5104007160275805
5383139281504839
5273942466351188
5439679499116888
5414274560095218
5534848881207308
5258434037507455
5233286246886603
5549436652277636
5545597820308647
5158885536530929
5280965056895299
5577595982070709
5128694528209766
5236855872449303
5197959232854181
5177594693243170
5313346680424346
5310438682572348
5387721255999016
5295832861352291
5238223312297246
5182220651268511
5572202294306237
5399433348030694
5270627999183363
5397377280108491
5103596521594004
5290018127868214
5191065970197365
5548273941116619
5164827431401840
5383488765800811
5450450694539314
5126400568399315
5283836544393345
5538233275873823
5102048468699116
5116066180665532
5435732098409263
5597658176901877
5379658113459348
5184341308805998
5322706615525625
5260880300809810
5573710466584588
5157965933121471
5163287448863295
5186231784041762
5397471194352004
5599133304441095
5460040398896116
5576143436951637
5269406229263342
5302891602931194
5274815938963971
5235369499865280
5312482436630885
5557452590889969
5182242484419616
5567493919113150
5506541762739788
5408880069608125
5232946231535660
5403730894691165
5521719131908828
5536266106495582
5567236367925207
5171567274063403
5195576418013390
5286305089855925
5361078614470811
5271938805875533
5423441760200984
5422763405675515
5111304513746587
5202792700722611
5406417465412000
5574582983015563
5378690309412246
5580011266056286
5529533351113585
5239897174567678
5413152905251848
5518525511934176
5485259583198721
5321362397253803
5346297579833074
5311412510401359
5210199100944912
5286709470696857
5528608475239242
5116525321207561
5539541038561710
5569836083035815
5416743978074328
5379569401734724
5430258683263092
5450345025431134
5376946363812578
5473102772078771
5400479228413333
5226398237183327
5212141754112113
5263436212545252
5379095388864326
5541645289654680
5349003526747400
5541862466148325
5185590110528532
5307632211658918
5200077684549558
5532742218010331
5421720690258606
5262080171388618
5154500773185246
5440404010982602
5568210756133292
5556957885019214
5381221637604950
5242423610244429
5366245228214845
5556237592948033
5252496324001696
5205100683452643
5474041456798792
5546354951299719
5427396778011219
5282485496519373
5176290636315719
5493751405166829
5480704182473145
5235073384123595
5455783884573189
5563290112180505
5213257273836559
5477970629882587
5551252941363631
5175988131792123
5522746759393115
5390188520658097
5318547395880947

