4716850215093423
4024007107440801
4929568821881121
4916260807660928
4716204198718210
4024007117165596
4556059192012504
4556385836859442
4929016409692445
4539936356060779
4539756747385721
4929294085615366
4485558864573491
4916618810817324
4532537840414585
4916746514935090
4716446996536720
4122939802872782
4716626342436978
4916442471223759
4485247809054474
4485677366215227
4024007195326342
4916938494869478
4539689300821818
4716580511363127
4485239841285166
4532054130854256
4024007119783479
4556863967952103
4716821129516379
4532477136525192
4929226395607824
4929068786640448
4543688838584801
4716374944558283
4485773915648099
4716379749803081
4532927417617415
4716913708444188
4929923732400455
4929332291543061
4916488971907946
4716737713208399
4485307328024000
4556016812981971
4485025913339852
4024007151491429
4532565383087203
4556785696444591
4024007197073165
4539876072421618
4485183771274412
4024007163791873
4485329120649412
4532657991357936
4024007112279392
4024007172111600
4556813997784083
4929061220789467
4485921122956587
4929050626573021
4485312420116621
4024007133518331
4539454904301687
4716378594060896
4716016312342275
4539279370499545
4556674563734575
4929071329144530
4485718308223307
4556381181222732
4255506932259963
4929058411100132
4539608109800187
4532535728197629
4485333944505842
4532935882348200
4532755475166888
4365104700690143
4716266693045530
4716700630116947
4916822607461714
4551881136279898
4024007100729432
4716570576464308
4539255446616494
4485694347565588
4539842874866194
4024007117465087
4539617642776812
4539186609759641
4556781498305478
4556634695396024
4485734658915251
4485172862073338
4716373268698030
4485116763015880
4485812859484408
4539806927600645
4539618802864448
4716650007733677
4485406163645885
4652375283090545
4532353055073763
4109086042220161
4485905922199514
4532970995356162
4929893067998920
4024007177103909
4910676340961224
4539378163294343
4916426990834832
4556515920425755
4485576587955902
4929441917035632
4532776833376530
4571062679048240
4024007115254954
4485354950432788
4024007108754333
4485957635953356
4929906037156930
4485375434954139
4539269207532618
4532292614248542
4547398894313303
4556678370074703
4532656760109296
4716200488841787
4539633105851059
4485003382023877
4485969145363091
4929643634917097
4485675973098390
4532555808151924
4485552006415166
4539344451861425
4716824499635027
4716629325474123
4965133488848395
4024007154772478
4929993552330876
4716484589581704
4485898706106773
4024007105337975
4929317978957635
4716233354871257
4465444819956129
4929471392511278
4929689532916269
4556771351385469
4532770321556752
4916643763808377
4929159096156371
4485547023453109
4916218754081092
4556457190655227
4485606160963203
4935276216338689
4556126248147160
4556747219845167
4532040583599944
4916092096102175
4114070274510559
4532589817391809
4716454374796932
4024007198127077
4788843562484199
4916407834549190
4916665823014803
4485504513201456
4556693672063965
4656552495446030
4916261349657042
4556686893996385
4532921912620438
4716067648683841
4485131264216697
4518225391669876
4485820399058145
4539094581097263
4539594439633920
4716585928462636
4556859701994435
4539534673515565
4485533237388786
4929842745592688
4556095016269029
4936062451831839
4916948684085736
4234214005181760
4929060601727161
4532014457908333
4716957602322602
4532501389588084
4532603322048513
4916411941401147
4804889154665489
4485012001811745
4556604404837089
4308572780351697
4024007104750855
4532457229848974
4556857140014450
4485676868058978
4024007166347897
4485419219593686
4532785426616350
4539184848393470
4539515392348321
4929256611354273
4929891837070442
4716941793799935
4716157839331126
4556694026333120
4024007185870135
4485796870983672
4716393452559293
4556646818559056
4154007649577930
4934512989039638
4806257698505686
4452182301768603
4539639457782396
4929574805207630
4532534760325503
4098639287380752
4916118891026382
4556572463633774
4485378597343900
4485910411340512
4532724560405866
4539272484955973
4929087669920768
4478460375853539
4024007191068542
4716865391539593
4539658157308641
4929244781847128
4485472498281077
4024007130062093
4929281841800200
4556039711399525
4929951664666595
4532693670492652
4929430921859475
4539918173598991
4024007174945195
4485402551241684
4716021474631325
4916935216133407
4716492859409076
4485530024013890
4556269449525097
4716592420656939
4532335620285915
4539620864792483
4556542250812121
4916979528218019
4532177267969959
4485401883530376
4539992824817399
4485537608481468
4024007151244026
4539963053921533
4539819329359272
4716543649113855
4186729384250314
4024007185709556
4929809011538851
4532059306445680
4485920629077079
4929611320182706
4929573216831707
4916380040486608
4587050734896317
4539557855815180
4024007190592740
4929811224980466
4539952500835461
4916689986938814
4485521640155504
4539052142224230
4532269794956896
4556166338779324
4532425131183079
4006624497525132
4539950172011015
4916045623492683
4485181525987149
4929928961939909
4916335518859421
4556309896822074
4556698566818507
4929487547385723
4716115946593582
4485801088820805
4485414858953580
4762362406442156
4024007197938516
4916650858224725
4330746229631818
4539422894101839
4485554114469580
4024007162863129
4929488842638782
4532818923217081
4916615429698467
4485420956931436
4929157833959156
4024007156912783
4532367034804155
4532774984273184
4929569037871856
4042128868723470
4716966172242108
4485175012251241
4024007142170363
4929665187895313
4556050346490860
4268644770522633
4929837100139885
4556593213049202
4024007119887338
4532205387173499
4532896746148642
4532272194886945
4556549116547114
4916028194113839
4221800327963227
4485718745974819
4556101887333470
4716971412077371
4485137752853545
4929709502096981
4929663633472761
4716273009251901
4485048307263900
4556085811178434
4024007104322614
4556974101987986
4532586837818894
4145125892629695
4716400684142077
4539461700769348
4024007150920303
4539518426113802
4024007177299038
4716123505236924
4024007169753448
4929315559609518
4716897307567681
4532783304499239
4485303834418471
4024007176192747
4716696317314765
4556039999973306
4024007167275261
4241331805180171
4916367007416694
4485135688126622
4589020542243133
4024007130285181
4916098959162982
4716308239477627
4024007193733374
4024007160284492
4485726878782123
4200097442146052
4024007159119006
4024007125423201
4024007167055259
4485746778784029
4539690200396133
4929985667741500
4206980148554618
4024007175804185
4024007146734883
4485243722740059
4532030039410606
4462794945140763
4024007131339201
4024007103264999
4532640963916780
4716135941923162
4716530342201632
4539082042011106
4984488143883857
4916808459911583
4024007160568704
4024007134393064
4532048979107594
4929846645047131
4716381230851637
4485038209748058
4716166909837342
4716099800900416
4539977005483459
4485438488168624
4995942121140190
4716652359331787
4556942877139959
4716722253774042
4716250049501347
4716431555424351
4532045716273952
4024007103165063
4929111036457625
4916915922017326
4024007107977596
4363920292646108
4539888681608972
4024007122361479
4916599026617056
4539598936029904
4929997857189713
4556802505738145
4485505039004530
4716294345717843
4485446515033182
4485344677620369
4485686451645974
4916596834584833
4929302284893245
4556256184327268
4929739682909026
4929745537941981
4929840208348457
4916115362920440
4556911784969998
4929180702378274
4539437508085400
4485554765901949
4485100416611048
4556899911407976
4836010935512328
4556745381213271
4716008696634922
4024007187657225
4024007153784789
4929720722922807
4532804346463791
4485924583437964
4485453096805392
4532408113744019
4539351925607896
4916359000627864
4485787217795226
4916409844012011
4539845714931532
4716943650289976
4024007196905912
4716040894457236
4929439829484278
4539676487015561
4024007197075509
4556766162138842
4485603223084911
4539210719608819
4268531243027581
4485153319661180
4024007154803844
4556733277088700
4024007139331531
4916874982476932
4916734281199298
4024007156042458
4485779005447839
4012198242714681
4716881640861944
4916625998719610
4024007114646929
4532700004807719
4532900461320624
4929660870649663
4916395891479734
4916407382604306
4556906546109479
4024007146714489
4929808531802896
4929399279793067
4716554013976322
4890801987190804
4916313534135555
4556246930783146
4532299682091688
4539864673350071
4485352734220198
4916567965327425
4556433613836942
4532007550506707
4716051843773300
4556148389247427
4916597761659986
4929202758709986
4532071297795593
4929653107231926
4114459497022304
4019389828316388
4485973589675077
4240903764311244
4916045784147324
4532325472911932
4539834549941106
4929457610306104
4556711843772601
4539363498628480
4556468336855258
4716841469957017
4716030558629204
4916328790184931
4716195246640424
4485703673043795
4988674856912100
4916718752195000
4532635024234389
4539685652089301
4970581066174647
4532439658641187
4539511881319436
4485720203385843
4532024881697535
4929643188219080
4556831091792430
4556722510491854
4556138287120073
4556485134329807
4929213817925075
4485889199633654
4556483213158817
4539200727077958
4532369674053069
4539947695720692
4951718607384268
4024007160896162
4135892197073794
4716434140906098
4716744768291189
4556362824478923
4485806635048347
4485633029702689
4532617312506298
4411811288337327
4024007117648526
4463273609008441
4114020806979079
4532442590811728
4556655958104482
4929140178590331
4716578510823943
4556976027713305
4916870401320107
4532547914093264
4485082443758473
4716421097656057
4024007169234902
4024007133745165
4916467853905673
4485188850651380
4024007178953070
4174080374041964
4929992387854399
4716560030984561
4539022536418201
4690131440629509
4545374546053086
4539441824314908
4556991686070178
4605510570821784
4024007140884882
4024007133217397
4716130275594929
4485437235801529
4024007155454571
4556060034702013
4556667920849664
4024007193670998
4485204714514241
4929994584797314
4556712466992336
4929758842668470
4716674903049541
4929269951803833
4532179853907526
4916896463209995
4916290944491820
4485306442275407
4556252799240897
4929599656788024
4916790788198662
4716512527637830
4716094277727814
4716454910179809
4207869884035818
4532077886700688
4929732755557699
4024007191655033
4916958077529349
4539796915479930
4485716831478117
4916940840763892
4539641366857954
4024007123916214
4461520345320585
4716489955501319
4916648700516884
4539390827878577
4556192557359614
4539227894889923
4972212093655923
4916454323019913
4024007175075596
4485024293204877
4485078029143700
4916876273097541
4024007134955714
4716004432142510
4532969039821256
4400752401771898
4929476093262154
4929098278139286
4024007126961894
4916599733094839
4716500113826925
4024007196020407
4532857989615804
4556670517903035
4916174829636198
4916748812724028
4929380629797545
4485340502498427
4929085345626825
4024007195684211
4532535858295573
4485237521019657
4485235819749613
4532912868693677
4929901500126825
4485392665216013
4556190726197071
4716639942033814
4485859289629227
4716840700850833
4716695037362690
4485973016778254
4929965078603192
4226883433406708
4556277397054523
4916833058135145
4485242931426195
4556887434313854
4556419669063994
4556548781270689
4485569094689254
4485714240760266
4916725787037362
4916197006280118
4532548418444284
4024007187589956
4024007159857696
4024007166701358
4532004181058083
4916611249796896
4556602070188233
4929994022608206
4024007132058388
4539945210907257
4024007181853283
4485440676092798
4532940094154867
4916251443667898
4995563206434751
4024007121072978
4532519878807047
4916712760399480
4321320802142071
4916959040016323
4485349085790191
4539485549952120
4716384854901779
4024007178759444
4485422437544424
4716135618386834
4716176039090456
4532121154978756
4556966583873957
4716756715601948
4475615439878789
4929171898078646
4539750947465300
4024007157323923
4556806167781459
4024007161567143
4716278422400589
4539516894971115
4556087599448211
4024007137996053
4716972681015324
4916257348189623
4929565005960481
4929779172010588
4539165540413120
4556595372942846
4929583131597598
4539455830996383
4716873419761066
4532562672456298
4893502147169947
4532684623310927
4916320254508622
4556149459848771
4104635016625857
4666001980735729
4485057727011401
4539767381379292
4539372101747405
4716278781892814
4485962154345760
4716737321873865
4024007141941624
4716196982294145
4101741502041816
4716811725629635
4024007140737981
4151535232598452
4556195148628520
4916988961567576
4024007168089489
4024007155831646
4539224385873904
4929055750248258
4532468924110743
4485446851959958
4929421941301432
4716095391171540
4024007169483178
4916716422863171
4539632975114333
4916300404139981
4539913360635110
4485184072025586
4921626941563942
4024007103963210
4716186060345497
4916926110218709
4485782038485131
4556937447687560
4024007147829492
4532788593553208
4916020144018358
4539705324829148
4485467604592946
4716961055322341
4485005176886278
4024007183423929
4929434231111429
4532362392910058
4532697934691934
4485213774099498
4532878235829254
4485276270750591
4539873282135906
4532074940361474
4532723888326275
4654811213205363
4532187525884007
4916503422721272
4024007144251047
4532939778379774
4916662339690655
4916602814862783
4532909486780365
4929496971155999
4539552701735906
4929760029875753
4043071541870376
4532546849078861
4539396315716435
4916110306106461
4539337607040514
4716465962197283
4532336857725128
4532296636614227
4438778926439865
4532911638792603
4539071571625535
4024007100603660
4556394916520809
4916904859489096
4916433138100696
4539967997788395
4485839680816300
4446541629703247
4485441354750376
4485222248184158
4024007182444876
4024007192149671
4556786240247647
4539712194148690
4485366335447786
4929183254707973
4024007108143123
4716269827297076
4485877386223108
4539583038122377
4716796666574025
4916755731290528
4182155769288295
4485081377147612
4024007167436517
4024007144411435
4539378049471263
4532114622987988
4532027981494372
4024007100037604
4916506905859519
4485656940236388
4820257902895859
4485520828314941
4543315994878575
4556606890010675
4024007181091579
4300583926505730
4460825266161103
4532592220044015
4405061622330913
4916133896773391
4916044258930703
4916241848538869
4532865323927751
4236857573769065
4024007152233507
4024007104004592
4916946633228282
4485433583852560
4851543860816413
4556576863286711
4716841824770865
4556997765722456
4532599923886089
4168742828035318
4716704687434898
4485667889749935
4929579642609286
4783069205525249
4485811875172310
4539172608053285
4485718671272386
4532644798445734
4532697046308815
4466624679468666
4743922910155968
4055497355099635
4716105287579993
4556131645824510
4916958439813191
4556293277664851
4774917058686396
4929272481059371
4716770489872502
4716677380853673
4716440040767944
4024007194015987
4896050582095612
4556843455927650
4916161466311300
4539122326804212
4929528576634125
4485433142121960
4556582742644989
4716931001133837
4120710764709417
4539664033986444
4716695439049036
4916846827488249
4716226151606090
4916948088450908
4153026967722291
4539210476228231
4916829469778739
4579905732886752
4556325822326972
4532114209474319
4539872554653414
4716987832821321
4532143901120383
4716974343265495
4539037698998402
4539778838841727
4556374435322887
4532970590921170
4485162502267531
4485756167437170
4532289883670398
4929871604174619
4929517820548561
4539070168772387
4690048824641449
4929871566720326
4556637173805499
4532311122995905
4539540928154654
4532822682358532
4716538844251872
4556137967755166
4485030939289651
4485159078253390
4024007124769877
4532611456423220
4929913375712019
4916979486927825
4916705967439257
4539065961435604
4010112231294896
4929950836753315
4716418809500797
4916225545283663
4916494501582696
4532051494361563
4929345980361579
4929454242286333
4485791352660807
4485685595432406
4929434346893556
4554019317452193
4929295600425736
4716432185305374
4916785714643336
4981386489272979
4556146690480687
4556750985415868
4556305691238185
4929267844238589
4485085109511250
4024007190691195
4556657922114175
4556061737237513
4532004781186052
4539211860829832
4024007169479150
4024007151801544
4024007130072118
4556526776697421
4532290939965881
4929006467651805
4716986508200117
4716672720261489
4929938764134772
4298143115814288
4485412190282916
4556422612148003
4024007108779629
4532324745047970
4929009158404641
4623128957503699
4690045374696971
4539674602608626
4916575822504680
4024007197860751
4716304114746582
4239308422141749
4485787967485606
4916514902768287
4929266980049271
4716942402692156
4485229924239099
4916337635116321
4351326091588000
4485400011614409
4024007148063455
4916177212258322
4485401776735165
4024007130159980
4485995667519687
4716251798099913
4716386433048055
4556780223860112
4539445488792234
4929877370313232
4539047107201983
4539361956792905
4716267381032954
4532799126822820
4916874959317721
4916259766143975
4594311612182324
4716738121153821
4716481212908106
4024007114111650
4532158224351069
4151870215391462
4153797061256234
4929110162099532
4916846689882075
4532342350477621
4716197143045350
4929387333789304
4532265327373625
4024007160420229

